23 23 20 20
9 9 9 9 9 9 9 9 9 9 9 9 9 9 9 9 9 9 9 9 9 9 9
9 9 9 9 9 9 9 9 9 9 9 9 9 9 9 9 9 9 9 9 9 9 9
9 9 9 9 9 9 9 9 9 9 9 9 9 9 9 9 9 9 9 9 9 9 9
9 9 9 9 9 9 9 9 9 9 9 9 9 9 9 9 9 9 9 9 9 9 9 
9 9 9 0 9 9 9 9 9 0 9 9 9 9 9 0 9 9 9 9 9 0 9
9 9 9 0 9 9 9 9 9 0 9 9 9 9 9 0 9 9 9 9 9 0 9
9 9 9 0 9 9 9 9 9 0 9 9 9 9 9 0 9 9 9 9 9 0 0
9 9 9 7 9 9 9 9 9 7 9 9 9 9 9 7 9 9 9 9 9 7 0
6 4 4 6 4 4 6 4 4 6 4 4 6 4 4 6 4 4 6 4 4 6 8
0 0 0 0 0 0 1 0 0 0 0 0 1 0 0 0 0 0 1 0 0 2 0
0 0 0 1 0 0 1 0 0 1 0 0 1 0 0 1 0 0 1 0 0 0 0
0 0 0 1 0 0 1 0 0 1 0 0 1 0 0 1 0 0 1 0 0 0 0
3 0 0 1 0 0 0 0 0 1 0 0 0 0 0 1 0 0 0 0 0 0 0
4 4 4 4 4 4 4 4 4 4 4 4 4 4 4 4 4 4 4 4 4 4 8
9 9 9 9 9 9 5 9 9 9 9 9 5 9 9 9 9 9 5 9 9 9 0
9 9 9 9 9 9 0 9 9 9 9 9 0 9 9 9 9 9 0 9 9 9 0
9 9 9 9 9 9 0 9 9 9 9 9 0 9 9 9 9 9 0 9 9 9 9
9 9 9 9 9 9 0 9 9 9 9 9 0 9 9 9 9 9 0 9 9 9 9
9 9 9 9 9 9 0 9 9 9 9 9 0 9 9 9 9 9 0 9 9 9 9
9 9 9 9 9 9 9 9 9 9 9 9 9 9 9 9 9 9 9 9 9 9 9
9 9 9 9 9 9 9 9 9 9 9 9 9 9 9 9 9 9 9 9 9 9 9
9 9 9 9 9 9 9 9 9 9 9 9 9 9 9 9 9 9 9 9 9 9 9
